a1 <- c(82.5, 83.7, 80.9, 95.2, 80.8)
a2 <- c(82.7, 81.9, 78.9, 83.6, 78.6)
a3 <- c(92.2, 106.8, 104.6, 94.5, 100.7)
a4 <- c(96.5, 93.8, 92.1, 87.4, 89.6)
a5 <- c(88.9, 89.2, 94.2, 91.4, 90.1)
a6 <- c(75.6, 78.7, 92.2, 87.2, 83.8)